saas.sin.fan:443#▼ 优选域名 TOP10 | 05-19 20:42 | YouTube@真香定律
8.cf.3666888.xyz:443#8.cf.3666888.xyz
cdn.204910.best:443#cdn.204910.best
test2.509666.xyz:443#test2.509666.xyz
cf.553314.xyz:443#cf.553314.xyz
staticdelivery.nexusmods.com:443#staticdelivery.nexusmods.com
6.cf.3666888.xyz:443#6.cf.3666888.xyz
11.cf.3666888.xyz:443#11.cf.3666888.xyz
cf.3666888.xyz:443#cf.3666888.xyz
zeas.top:443#zeas.top
laitemi.com:443#laitemi.com
bestcf.030101.xyz:443#▲ 优选域名 | 分享免费优选网 BestCF.pages.dev | VPS789 7*24监测
