saas.sin.fan:443#▼ 优选域名 TOP10 | 05-22 08:13 | YouTube@真香定律
cfyx.qdqqd.com:443#cfyx.qdqqd.com
cf1s.cf.3666888.xyz:443#cf1s.cf.3666888.xyz
uac.cf.3666888.xyz:443#uac.cf.3666888.xyz
zeas.top:443#zeas.top
cf.3666888.xyz:443#cf.3666888.xyz
sg.cf.3666888.xyz:443#sg.cf.3666888.xyz
adnjv.cf.3666888.xyz:443#adnjv.cf.3666888.xyz
baka.fun:443#baka.fun
www.xiaoshuofen.com:443#www.xiaoshuofen.com
test2.509666.xyz:443#test2.509666.xyz
bestcf.030101.xyz:443#▲ 优选域名 | 分享免费优选网 BestCF.pages.dev | VPS789 7*24监测
