saas.sin.fan:443#▼ 优选域名 TOP20 | 05-19 13:42 | YouTube@真香定律
test2.509666.xyz:443#test2.509666.xyz
8.cf.3666888.xyz:443#8.cf.3666888.xyz
cloudflare-ip.mofashi.ltd:443#cloudflare-ip.mofashi.ltd
yyurl.cc:443#yyurl.cc
staticdelivery.nexusmods.com:443#staticdelivery.nexusmods.com
cdns.doon.eu.org:443#cdns.doon.eu.org
www.fastsoso.cn:443#www.fastsoso.cn
cdn.262832.xyz:443#cdn.262832.xyz
sg.cf.3666888.xyz:443#sg.cf.3666888.xyz
qocu.cf.3666888.xyz:443#qocu.cf.3666888.xyz
3.cf.3666888.xyz:443#3.cf.3666888.xyz
cmcc.cc.cd:443#cmcc.cc.cd
y508.com:443#y508.com
play.mc.js.cool:443#play.mc.js.cool
openai.com:443#openai.com
cfsaas.080112.xyz:443#cfsaas.080112.xyz
store.ubi.com:443#store.ubi.com
keji.cf.3666888.xyz:443#keji.cf.3666888.xyz
cf1s.cf.3666888.xyz:443#cf1s.cf.3666888.xyz
cfvip.cf.3666888.xyz:443#cfvip.cf.3666888.xyz
bestcf.030101.xyz:443#▲ 优选域名 | 分享免费优选网 BestCF.pages.dev | VPS789 7*24监测
