saas.sin.fan:443#▼ 优选域名 TOP20 | 05-19 12:42 | YouTube@真香定律
8.cf.3666888.xyz:443#8.cf.3666888.xyz
cloudflare-ip.mofashi.ltd:443#cloudflare-ip.mofashi.ltd
yyurl.cc:443#yyurl.cc
staticdelivery.nexusmods.com:443#staticdelivery.nexusmods.com
bestcfv4.030101.xyz:443#bestcfv4.030101.xyz
test2.509666.xyz:443#test2.509666.xyz
cdns.doon.eu.org:443#cdns.doon.eu.org
www.fastsoso.cn:443#www.fastsoso.cn
sg.cf.3666888.xyz:443#sg.cf.3666888.xyz
123.cf.3666888.xyz:443#123.cf.3666888.xyz
2.cf.3666888.xyz:443#2.cf.3666888.xyz
3.cf.3666888.xyz:443#3.cf.3666888.xyz
cmcc.cc.cd:443#cmcc.cc.cd
yg1.ygkkk.dpdns.org:443#yg1.ygkkk.dpdns.org
openai.com:443#openai.com
cfsaas.080112.xyz:443#cfsaas.080112.xyz
store.ubi.com:443#store.ubi.com
bbs.alipansou.com:443#bbs.alipansou.com
cdn.262832.xyz:443#cdn.262832.xyz
keji.cf.3666888.xyz:443#keji.cf.3666888.xyz
bestcf.030101.xyz:443#▲ 优选域名 | 分享免费优选网 BestCF.pages.dev | VPS789 7*24监测
