saas.sin.fan:443#▼ 优选域名 TOP20 | 05-15 10:13 | YouTube@真香定律
11.cf.3666888.xyz:443#11.cf.3666888.xyz
openai.com:443#openai.com
yg5.ygkkk.dpdns.org:443#yg5.ygkkk.dpdns.org
www.jimdo.com:443#www.jimdo.com
cf.mubaiovo.top:443#cf.mubaiovo.top
y508.com:443#y508.com
markmonitor.com:443#markmonitor.com
www.dg22.top:443#www.dg22.top
cdn.2020111.xyz:443#cdn.2020111.xyz
cf.zhetengsha.eu.org:443#cf.zhetengsha.eu.org
store.ubi.com:443#store.ubi.com
4.cf.3666888.xyz:443#4.cf.3666888.xyz
cdn.555586.xyz:443#cdn.555586.xyz
staticdelivery.nexusmods.com:443#staticdelivery.nexusmods.com
yxip.xxxxxxxx.tk:443#yxip.xxxxxxxx.tk
cf.3666888.xyz:443#cf.3666888.xyz
qocu.cf.3666888.xyz:443#qocu.cf.3666888.xyz
7.cf.3666888.xyz:443#7.cf.3666888.xyz
www.ox.ac.uk:443#www.ox.ac.uk
test2.509666.xyz:443#test2.509666.xyz
bestcf.030101.xyz:443#▲ 优选域名 | 分享免费优选网 BestCF.pages.dev | VPS789 7*24监测
