saas.sin.fan:443#▼ 优选域名 TOP20 | 05-22 13:13 | YouTube@真香定律
cfyx.qdqqd.com:443#cfyx.qdqqd.com
cf1s.cf.3666888.xyz:443#cf1s.cf.3666888.xyz
uac.cf.3666888.xyz:443#uac.cf.3666888.xyz
3.cf.3666888.xyz:443#3.cf.3666888.xyz
cf.3666888.xyz:443#cf.3666888.xyz
sg.cf.3666888.xyz:443#sg.cf.3666888.xyz
avido.cf.3666888.xyz:443#avido.cf.3666888.xyz
test2.509666.xyz:443#test2.509666.xyz
staticdelivery.nexusmods.com:443#staticdelivery.nexusmods.com
cf.cf.3666888.xyz:443#cf.cf.3666888.xyz
5.cf.3666888.xyz:443#5.cf.3666888.xyz
cfip-avg.stoeaves.us.ci:443#cfip-avg.stoeaves.us.ci
cloudflare.idc.rocks:443#cloudflare.idc.rocks
api.gzcrtw.com:443#api.gzcrtw.com
cf.mubaiovo.top:443#cf.mubaiovo.top
openai.com:443#openai.com
f.lma.de5.net:443#f.lma.de5.net
cfvip.cf.3666888.xyz:443#cfvip.cf.3666888.xyz
yyurl.cc:443#yyurl.cc
yapuyapu.com:443#yapuyapu.com
bestcf.030101.xyz:443#▲ 优选域名 | 分享免费优选网 BestCF.pages.dev | VPS789 7*24监测
