saas.sin.fan:443#▼ 优选域名 TOP20 | 05-18 20:13 | YouTube@真香定律
baka.fun:443#baka.fun
openai.com:443#openai.com
www.xiaoshuofen.com:443#www.xiaoshuofen.com
bestcfv4.030101.xyz:443#bestcfv4.030101.xyz
www.leics.police.uk:443#www.leics.police.uk
hk.cf.3666888.xyz:443#hk.cf.3666888.xyz
www.nexusmods.com:443#www.nexusmods.com
cloudflare.rainyfall.com:443#cloudflare.rainyfall.com
cdn.262832.xyz:443#cdn.262832.xyz
youxuan.cf.3666888.xyz:443#youxuan.cf.3666888.xyz
cf1s.cf.3666888.xyz:443#cf1s.cf.3666888.xyz
zeas.top:443#zeas.top
freeyx.cloudflare88.eu.org:443#freeyx.cloudflare88.eu.org
123.cf.3666888.xyz:443#123.cf.3666888.xyz
2.cf.3666888.xyz:443#2.cf.3666888.xyz
qocu.cf.3666888.xyz:443#qocu.cf.3666888.xyz
uac.cf.3666888.xyz:443#uac.cf.3666888.xyz
1.cf.3666888.xyz:443#1.cf.3666888.xyz
5.cf.3666888.xyz:443#5.cf.3666888.xyz
6.cf.3666888.xyz:443#6.cf.3666888.xyz
bestcf.030101.xyz:443#▲ 优选域名 | 分享免费优选网 BestCF.pages.dev | VPS789 7*24监测
