saas.sin.fan:443#▼ 优选域名 TOP50 | 05-23 10:13 | YouTube@真香定律
yg1.ygkkk.dpdns.org:443#yg1.ygkkk.dpdns.org
6.cf.3666888.xyz:443#6.cf.3666888.xyz
10.cf.3666888.xyz:443#10.cf.3666888.xyz
cfip-ct.stoeaves.us.ci:443#cfip-ct.stoeaves.us.ci
5.cf.3666888.xyz:443#5.cf.3666888.xyz
www.giannidelprete.it:443#www.giannidelprete.it
hk.cf.3666888.xyz:443#hk.cf.3666888.xyz
staticdelivery.nexusmods.com:443#staticdelivery.nexusmods.com
cmcc.cc.cd:443#cmcc.cc.cd
mskcc.org:443#mskcc.org
saas.sin.fan:443#saas.sin.fan
cf.v8.longsays.com:443#cf.v8.longsays.com
www.sage.com:443#www.sage.com
china-mobile.cname.cloudflare.468123.xyz:443#china-mobile.cname.cloudflare.468123.xyz
baka.fun:443#baka.fun
www.mfyx.cn:443#www.mfyx.cn
www.xflash.vip:443#www.xflash.vip
9.cf.3666888.xyz:443#9.cf.3666888.xyz
laitemi.com:443#laitemi.com
eteaf.cf.3666888.xyz:443#eteaf.cf.3666888.xyz
7.cf.3666888.xyz:443#7.cf.3666888.xyz
test.509666.xyz:443#test.509666.xyz
yg11.ygkkk.dpdns.org:443#yg11.ygkkk.dpdns.org
www.jimdo.com:443#www.jimdo.com
cdn.cf.3666888.xyz:443#cdn.cf.3666888.xyz
123.cf.3666888.xyz:443#123.cf.3666888.xyz
11.cf.3666888.xyz:443#11.cf.3666888.xyz
www.swowd.com:443#www.swowd.com
openai.com:443#openai.com
cf.mubaiovo.top:443#cf.mubaiovo.top
cf.cf.3666888.xyz:443#cf.cf.3666888.xyz
freeyx.cloudflare88.eu.org:443#freeyx.cloudflare88.eu.org
cdns.doon.eu.org:443#cdns.doon.eu.org
store.ubi.com:443#store.ubi.com
nexusmods.com:443#nexusmods.com
cloudflare.idc.rocks:443#cloudflare.idc.rocks
youxuan.cf.3666888.xyz:443#youxuan.cf.3666888.xyz
sanwang.cf.3666888.xyz:443#sanwang.cf.3666888.xyz
sg.cf.3666888.xyz:443#sg.cf.3666888.xyz
youxuan.cf.636949.xyz:443#youxuan.cf.636949.xyz
8.cf.3666888.xyz:443#8.cf.3666888.xyz
yg9.ygkkk.dpdns.org:443#yg9.ygkkk.dpdns.org
api.gzcrtw.com:443#api.gzcrtw.com
test2.509666.xyz:443#test2.509666.xyz
cfip-avg.stoeaves.us.ci:443#cfip-avg.stoeaves.us.ci
cdn.204910.best:443#cdn.204910.best
2.cf.3666888.xyz:443#2.cf.3666888.xyz
hfqek.cf.3666888.xyz:443#hfqek.cf.3666888.xyz
eii.at:443#eii.at
play.mc.js.cool:443#play.mc.js.cool
bestcf.030101.xyz:443#▲ 优选域名 | 分享免费优选网 BestCF.pages.dev | VPS789 7*24监测
